31 29 5 6 23 32 7 37 26 39 36 3 16 38 0 9 1 20 27 34 19 2 10 33 13 21 17 4 11 24 25 15 14 8 12 18 30 28 35 22
3 4 7 38 29 33 23 20 13 17 25 6 31 9 27 28 14 18 24 10 37 26 16 0 21 15 36 12 22 39 19 35 34 30 8 5 2 32 11 1
15 11 29 9 7 26 31 19 21 36 37 13 10 23 4 18 2 5 12 34 3 0 8 27 22 33 1 28 17 35 38 30 39 14 6 16 25 32 24 20
25 38 2 34 33 20 10 16 35 24 14 23 3 37 1 0 4 32 17 31 12 21 30 9 5 6 28 29 15 7 22 39 8 36 27 18 13 19 26 11
35 24 36 28 1 14 26 25 23 3 29 15 6 22 34 12 9 2 5 27 39 0 20 17 8 31 30 38 19 33 18 7 10 21 32 13 4 16 37 11
5 33 12 0 38 26 35 19 2 17 21 8 31 10 36 3 24 15 37 34 28 20 14 23 16 18 1 39 4 27 25 11 13 7 6 9 29 32 30 22
24 16 14 33 32 26 35 11 15 7 36 30 10 28 13 29 5 39 4 2 27 0 9 25 34 38 12 37 1 23 8 19 20 3 31 6 22 21 18 17
8 36 16 32 6 17 31 26 28 10 1 30 37 7 9 35 5 29 18 11 23 15 21 3 25 13 19 14 38 4 34 24 20 12 22 33 27 0 2 39
8 13 17 33 21 26 30 9 12 36 0 4 24 7 31 15 32 18 6 22 27 11 16 38 19 5 35 25 28 37 2 34 14 20 23 39 1 29 3 10
10 27 35 29 28 20 34 19 4 39 24 8 32 15 16 2 30 12 3 38 37 11 13 9 23 6 18 36 31 21 0 14 22 26 33 5 1 7 17 25
